image_width: 1280
image_height: 720
camera_name: narrow_stereo
camera_matrix:
  rows: 3
  cols: 3
  data: [636.47255,   0.     , 620.25279,
           0.     , 641.42434, 356.88986,
           0.     ,   0.     ,   1.     ]
distortion_model: plumb_bob
distortion_coefficients:
  rows: 1
  cols: 5
  data: [-0.063595, 0.048315, 0.000163, 0.004050, 0.000000]
rectification_matrix:
  rows: 3
  cols: 3
  data: [1., 0., 0.,
         0., 1., 0.,
         0., 0., 1.]
projection_matrix:
  rows: 3
  cols: 4
  data: [636.84637,   0.     , 629.43625,   0.     ,
           0.     , 647.23688, 356.69044,   0.     ,
           0.     ,   0.     ,   1.     ,   0.     ]
