# oST version 5.0 parameters


[image]

width
1280

height
720

[narrow_stereo]

camera matrix
636.472553 0.000000 620.252788
0.000000 641.424342 356.889863
0.000000 0.000000 1.000000

distortion
-0.063595 0.048315 0.000163 0.004050 0.000000

rectification
1.000000 0.000000 0.000000
0.000000 1.000000 0.000000
0.000000 0.000000 1.000000

projection
636.846375 0.000000 629.436246 0.000000
0.000000 647.236877 356.690440 0.000000
0.000000 0.000000 1.000000 0.000000
